time_diff,freq
-6543,1
-6323,1
-6263,1
-6228,1
-6216,1
-6023,1
-5974,1
-5916,1
-5915,2
-5898,1
-5891,1
-5838,1
-5806,1
-5777,1
-5771,1
-5770,1
-5761,1
-5717,1
-5673,1
-5670,1
-5663,1
-5617,1
-5604,1
-5592,1
-5575,1
-5540,1
-5539,1
-5528,1
-5526,1
-5512,1
-5455,1
-5453,1
-5452,1
-5439,1
-5425,1
-5418,2
-5417,1
-5416,1
-5384,1
-5381,1
-5370,1
-5366,1
-5342,1
-5334,1
-5324,1
-5321,1
-5311,1
-5305,1
-5297,1
-5287,1
-5280,1
-5278,1
-5263,1
-5243,1
-5241,1
-5240,1
-5237,1
-5224,1
-5217,1
-5187,1
-5184,1
-5178,1
-5155,1
-5151,1
-5150,1
-5136,1
-5126,1
-5122,1
-5120,1
-5115,2
-5111,1
-5102,1
-5100,1
-5082,1
-5075,1
-5073,1
-5063,1
-5049,1
-5036,1
-5034,1
-5029,1
-5014,1
-4991,1
-4989,1
-4986,1
-4984,1
-4979,1
-4974,1
-4957,1
-4954,2
-4947,1
-4946,1
-4945,1
-4942,1
-4928,1
-4913,1
-4907,1
-4906,1
-4903,1
-4901,1
-4900,1
-4898,1
-4894,1
-4875,1
-4858,1
-4851,1
-4845,1
-4840,1
-4839,1
-4836,1
-4817,1
-4813,1
-4784,2
-4735,2
-4729,1
-4720,1
-4704,2
-4703,2
-4701,1
-4687,1
-4685,1
-4684,1
-4681,1
-4678,1
-4667,1
-4657,1
-4653,1
-4651,1
-4649,1
-4636,1
-4633,1
-4608,1
-4604,1
-4592,1
-4588,1
-4586,1
-4584,1
-4578,1
-4577,1
-4576,1
-4554,1
-4547,1
-4545,1
-4539,1
-4524,1
-4510,1
-4498,1
-4495,1
-4494,1
-4486,2
-4485,1
-4476,1
-4463,1
-4461,1
-4458,1
-4452,2
-4449,1
-4429,1
-4423,1
-4422,1
-4416,1
-4412,1
-4411,1
-4409,1
-4404,1
-4392,1
-4385,1
-4382,1
-4380,1
-4369,1
-4359,1
-4357,1
-4352,2
-4349,1
-4310,1
-4303,1
-4302,1
-4284,1
-4271,1
-4268,1
-4267,1
-4260,1
-4250,1
-4238,1
-4235,1
-4222,1
-4214,1
-4213,1
-4212,1
-4202,1
-4196,1
-4191,1
-4190,1
-4182,1
-4181,1
-4176,1
-4170,1
-4166,1
-4165,1
-4158,1
-4152,1
-4140,1
-4120,1
-4116,1
-4115,1
-4098,1
-4096,1
-4088,1
-4086,2
-4085,2
-4080,1
-4079,1
-4078,2
-4076,1
-4073,2
-4069,1
-4065,1
-4064,1
-4063,1
-4060,1
-4048,1
-4034,1
-4032,1
-4031,1
-4028,1
-4026,1
-4024,1
-4016,1
-4009,2
-3984,1
-3968,1
-3966,2
-3965,1
-3959,2
-3957,2
-3937,1
-3935,1
-3934,1
-3908,1
-3901,2
-3900,1
-3898,1
-3894,1
-3889,1
-3857,1
-3848,1
-3840,1
-3839,1
-3837,1
-3834,1
-3833,1
-3819,1
-3807,1
-3803,1
-3795,1
-3791,1
-3764,1
-3762,1
-3759,2
-3748,2
-3741,1
-3721,1
-3716,1
-3705,1
-3704,2
-3693,1
-3684,1
-3675,1
-3669,2
-3667,1
-3665,1
-3661,1
-3653,1
-3648,1
-3638,1
-3635,1
-3627,1
-3606,1
-3603,1
-3602,1
-3600,2
-3596,1
-3594,1
-3593,1
-3591,1
-3590,1
-3585,1
-3583,2
-3582,1
-3580,1
-3577,1
-3575,1
-3572,1
-3571,1
-3569,1
-3566,3
-3565,2
-3560,1
-3559,1
-3547,1
-3545,1
-3536,2
-3522,1
-3514,1
-3512,1
-3507,1
-3502,1
-3481,1
-3469,1
-3466,1
-3463,1
-3460,1
-3456,1
-3453,1
-3450,1
-3448,1
-3436,1
-3433,1
-3430,1
-3424,1
-3423,1
-3417,1
-3415,1
-3411,1
-3407,1
-3405,1
-3404,1
-3401,1
-3396,1
-3394,1
-3390,1
-3382,1
-3378,1
-3374,1
-3371,1
-3370,2
-3368,1
-3366,1
-3363,1
-3362,1
-3358,2
-3354,1
-3349,1
-3342,1
-3340,1
-3333,1
-3332,1
-3325,1
-3324,1
-3321,1
-3318,1
-3317,1
-3313,2
-3307,1
-3306,1
-3295,1
-3291,1
-3282,1
-3280,1
-3274,1
-3265,1
-3260,1
-3259,1
-3257,2
-3256,1
-3255,1
-3254,1
-3240,1
-3226,1
-3224,1
-3223,1
-3221,1
-3196,1
-3192,1
-3189,1
-3185,1
-3179,1
-3162,1
-3153,1
-3152,1
-3143,1
-3142,1
-3141,1
-3134,1
-3130,1
-3129,2
-3114,2
-3111,1
-3099,1
-3098,1
-3095,1
-3093,1
-3085,1
-3071,4
-3069,2
-3067,1
-3066,1
-3061,2
-3051,1
-3047,1
-3046,1
-3043,1
-3035,1
-3027,1
-3023,1
-3020,1
-3010,1
-3009,1
-2997,1
-2994,1
-2976,1
-2972,1
-2965,1
-2964,1
-2958,1
-2944,1
-2942,2
-2936,1
-2927,1
-2924,1
-2919,1
-2916,1
-2911,1
-2909,1
-2908,1
-2907,1
-2892,1
-2874,1
-2869,1
-2860,1
-2857,1
-2845,1
-2843,1
-2842,1
-2836,1
-2823,1
-2821,1
-2820,1
-2817,1
-2816,1
-2815,1
-2812,1
-2808,1
-2801,2
-2794,1
-2784,2
-2780,2
-2776,2
-2761,1
-2759,2
-2757,1
-2755,1
-2745,1
-2735,1
-2734,1
-2728,1
-2723,1
-2711,1
-2708,1
-2701,2
-2697,1
-2693,1
-2685,1
-2679,1
-2675,1
-2670,1
-2667,1
-2666,1
-2664,1
-2662,1
-2652,2
-2646,2
-2635,1
-2633,1
-2631,1
-2614,1
-2610,1
-2609,1
-2604,1
-2597,1
-2580,2
-2579,2
-2575,2
-2574,1
-2569,2
-2567,1
-2566,1
-2563,1
-2559,1
-2558,1
-2546,1
-2542,1
-2535,1
-2519,1
-2506,1
-2493,1
-2491,1
-2489,1
-2488,1
-2481,1
-2478,2
-2470,1
-2469,1
-2468,1
-2465,1
-2463,1
-2458,1
-2457,1
-2448,1
-2447,1
-2437,1
-2434,1
-2432,1
-2428,1
-2409,2
-2408,1
-2404,1
-2402,1
-2401,1
-2397,1
-2396,1
-2386,1
-2381,1
-2380,1
-2379,1
-2378,1
-2375,1
-2374,1
-2372,1
-2368,1
-2365,1
-2363,1
-2361,2
-2352,2
-2341,1
-2340,1
-2330,2
-2329,1
-2324,1
-2323,1
-2320,1
-2315,1
-2311,1
-2304,1
-2303,1
-2292,1
-2290,1
-2276,1
-2273,1
-2272,1
-2263,1
-2261,1
-2258,1
-2254,2
-2230,1
-2227,1
-2224,2
-2222,1
-2214,1
-2202,2
-2196,1
-2192,1
-2186,1
-2182,1
-2181,1
-2180,2
-2175,1
-2174,2
-2167,1
-2166,1
-2163,2
-2161,1
-2158,1
-2154,1
-2131,1
-2130,1
-2129,1
-2124,1
-2123,2
-2113,1
-2106,1
-2101,1
-2097,2
-2095,1
-2094,1
-2093,1
-2092,1
-2089,1
-2088,4
-2084,1
-2083,1
-2082,1
-2076,2
-2074,1
-2071,1
-2069,1
-2065,1
-2058,1
-2054,1
-2051,1
-2049,1
-2047,1
-2046,1
-2045,1
-2044,1
-2041,1
-2038,1
-2031,1
-2028,1
-2025,1
-2021,1
-2013,1
-2004,1
-2003,1
-2002,1
-2001,1
-1998,1
-1993,1
-1991,1
-1986,1
-1981,1
-1977,1
-1976,1
-1968,1
-1964,1
-1958,1
-1955,1
-1946,1
-1943,2
-1941,1
-1940,2
-1939,2
-1938,1
-1936,1
-1933,2
-1932,2
-1925,1
-1916,1
-1914,2
-1913,2
-1907,1
-1906,1
-1904,1
-1901,1
-1900,1
-1898,1
-1894,1
-1888,1
-1885,1
-1880,1
-1878,2
-1872,1
-1871,1
-1860,1
-1858,1
-1853,1
-1848,1
-1847,1
-1843,1
-1837,1
-1836,1
-1829,1
-1828,1
-1817,1
-1815,1
-1803,1
-1796,1
-1793,1
-1785,1
-1779,1
-1769,1
-1763,1
-1761,1
-1760,1
-1759,2
-1757,3
-1745,1
-1736,1
-1725,1
-1717,1
-1714,1
-1713,2
-1705,1
-1701,1
-1694,1
-1682,1
-1677,1
-1673,1
-1671,1
-1668,1
-1664,1
-1663,1
-1662,1
-1657,2
-1652,1
-1639,1
-1631,1
-1626,1
-1624,1
-1621,2
-1619,1
-1617,2
-1616,1
-1613,1
-1611,1
-1610,2
-1606,1
-1604,1
-1598,1
-1597,1
-1595,1
-1591,1
-1582,1
-1579,1
-1568,2
-1563,1
-1561,2
-1556,1
-1553,1
-1550,1
-1549,1
-1548,1
-1540,1
-1535,1
-1534,1
-1528,1
-1527,1
-1525,1
-1523,1
-1505,1
-1503,1
-1499,1
-1497,1
-1488,1
-1485,1
-1482,1
-1480,2
-1479,1
-1476,1
-1472,1
-1460,1
-1458,1
-1441,2
-1439,1
-1438,1
-1437,2
-1426,1
-1420,1
-1418,1
-1409,1
-1408,1
-1403,1
-1400,2
-1399,1
-1397,3
-1395,1
-1391,1
-1390,1
-1389,1
-1383,2
-1381,1
-1375,1
-1364,1
-1362,1
-1361,1
-1360,1
-1354,1
-1352,1
-1343,1
-1339,1
-1335,1
-1332,1
-1330,1
-1328,1
-1327,1
-1325,1
-1324,1
-1322,1
-1318,1
-1307,1
-1301,1
-1294,1
-1277,1
-1271,2
-1270,1
-1261,1
-1258,1
-1256,2
-1246,1
-1239,1
-1238,1
-1231,1
-1230,1
-1223,2
-1215,1
-1214,1
-1211,1
-1208,1
-1206,1
-1187,1
-1185,1
-1183,2
-1182,1
-1175,1
-1163,1
-1151,1
-1147,2
-1142,2
-1121,2
-1119,1
-1117,1
-1111,2
-1108,1
-1106,1
-1104,2
-1097,1
-1095,1
-1092,1
-1089,1
-1084,1
-1083,1
-1082,1
-1070,1
-1069,1
-1066,2
-1064,1
-1062,1
-1061,1
-1058,1
-1049,2
-1048,1
-1045,2
-1036,1
-1023,1
-1015,1
-999,1
-995,1
-993,1
-982,1
-981,1
-973,1
-969,1
-966,1
-965,1
-964,1
-959,1
-951,1
-949,1
-943,1
-940,1
-937,1
-927,1
-926,2
-924,1
-922,8
-918,1
-916,2
-914,1
-912,1
-911,1
-910,1
-907,1
-906,2
-895,1
-893,1
-890,1
-888,3
-885,1
-883,2
-880,1
-878,3
-872,1
-870,1
-862,1
-858,1
-854,2
-850,1
-847,1
-845,2
-844,6
-843,1
-842,1
-841,1
-837,1
-830,1
-828,1
-824,1
-815,1
-812,1
-800,1
-798,2
-793,1
-788,1
-787,2
-784,1
-777,1
-775,1
-774,1
-760,1
-758,1
-757,1
-756,1
-754,1
-751,1
-748,1
-747,2
-741,1
-740,1
-738,1
-732,1
-725,3
-719,2
-709,1
-707,3
-705,1
-703,1
-700,1
-695,1
-693,1
-682,1
-678,1
-675,1
-674,2
-670,2
-669,1
-668,1
-667,1
-666,1
-665,1
-662,1
-652,1
-649,1
-648,1
-641,1
-640,1
-639,1
-634,1
-632,2
-625,1
-622,3
-616,2
-614,1
-613,1
-612,1
-609,1
-608,1
-602,1
-599,1
-595,1
-590,1
-589,1
-582,1
-579,2
-578,1
-575,1
-570,1
-568,13
-565,1
-564,3
-563,1
-560,1
-559,2
-551,1
-548,1
-546,1
-545,2
-544,1
-540,1
-535,2
-531,1
-529,1
-528,1
-521,1
-519,1
-516,1
-512,2
-511,2
-508,2
-507,1
-503,1
-502,1
-501,2
-500,1
-496,1
-491,1
-485,1
-483,1
-482,1
-478,1
-475,1
-474,1
-471,1
-468,2
-467,1
-462,1
-461,1
-460,1
-456,1
-446,1
-444,1
-440,1
-435,1
-434,1
-426,1
-422,2
-419,1
-415,1
-413,1
-412,1
-409,2
-408,2
-407,1
-406,7
-404,1
-403,1
-401,1
-392,1
-391,1
-383,1
-379,1
-376,1
-375,2
-372,1
-369,1
-367,1
-361,1
-347,1
-339,1
-333,1
-327,1
-324,1
-319,2
-316,1
-315,1
-313,3
-311,1
-309,1
-298,2
-297,1
-287,1
-285,1
-279,2
-278,1
-275,1
-274,1
-270,1
-269,1
-265,1
-264,1
-263,1
-259,1
-256,1
-253,1
-247,2
-246,1
-245,2
-242,2
-237,1
-233,1
-230,1
-229,1
-228,1
-227,1
-225,1
-216,1
-214,1
-209,2
-205,2
-200,1
-197,1
-189,1
-185,1
-184,3
-182,1
-181,2
-180,1
-179,1
-178,1
-177,4
-175,2
-174,3
-172,1
-171,1
-170,1
-167,1
-165,2
-164,4
-163,3
-162,2
-158,1
-157,2
-156,2
-153,2
-152,1
-151,2
-145,1
-144,1
-140,1
-138,1
-134,1
-133,1
-131,1
-130,1
-126,1
-125,1
-124,1
-116,1
-110,2
-109,1
-106,1
-105,1
-101,1
-98,1
-95,2
-94,1
-93,2
-92,1
-91,1
-89,1
-85,1
-84,1
-83,3
-78,1
-68,1
-66,1
-54,1
-52,1
-51,1
-49,1
-48,1
-47,1
-44,2
-41,1
-38,1
-37,1
-31,1
-21,1
-16,1
-15,1
-11,2
-9,1
-7,2
-4,1
-3,1
0,20
1,10
2,6
3,3
4,4
5,4
9,2
11,2
12,1
13,1
14,1
15,1
18,1
19,1
20,3
21,2
22,4
24,1
32,1
37,1
38,1
39,1
42,1
43,1
44,1
47,1
50,1
51,2
61,1
65,2
66,3
74,1
79,1
83,1
86,1
87,2
88,1
89,2
90,2
92,2
95,1
96,1
98,1
100,1
105,1
106,3
110,1
112,1
115,1
118,1
120,1
124,1
134,1
136,1
142,1
146,1
149,1
153,1
160,1
161,1
162,1
163,1
165,1
166,1
170,1
171,1
179,1
183,1
185,2
188,1
189,1
190,1
198,1
200,2
206,1
207,1
209,1
213,1
214,1
215,3
221,1
222,1
239,1
246,1
247,2
249,1
251,1
253,2
254,1
255,1
258,2
263,2
265,1
266,1
271,1
275,1
276,1
277,2
279,1
281,1
285,1
288,1
291,1
293,1
294,1
295,1
296,1
298,1
306,2
312,1
315,1
316,1
320,1
321,1
322,1
325,1
327,1
328,2
329,1
330,1
335,2
337,1
341,1
342,1
344,6
351,1
352,1
360,1
364,1
370,1
373,1
382,9
389,1
398,1
400,1
407,1
410,1
414,1
416,2
420,2
423,1
424,1
425,1
426,1
429,1
435,2
440,1
442,2
443,1
444,1
445,1
448,1
451,2
452,1
453,1
455,1
456,1
459,1
466,1
472,1
473,2
477,1
478,1
480,1
486,1
489,2
491,1
493,1
494,1
501,1
505,1
510,1
518,1
519,2
520,1
524,1
525,1
530,2
534,1
538,1
543,2
544,1
549,1
550,1
554,2
555,2
557,1
558,1
559,1
561,1
563,1
564,1
568,1
569,1
573,1
574,2
576,1
577,1
578,1
579,1
582,1
583,1
589,2
597,1
598,1
599,1
601,1
605,1
609,2
611,1
612,2
617,1
619,2
620,2
625,1
627,1
628,1
630,1
631,2
633,1
645,2
648,1
655,1
658,1
661,1
663,1
664,1
667,2
668,1
670,1
672,1
681,1
684,1
686,1
692,1
697,2
699,1
703,1
706,1
712,1
714,2
719,1
722,1
726,1
732,1
739,3
753,2
756,1
759,1
764,2
766,1
767,1
779,1
783,1
784,1
786,1
789,2
790,1
795,1
797,2
801,1
802,1
805,1
807,1
808,1
813,1
818,1
821,1
824,3
841,1
842,1
843,1
844,3
849,1
864,1
866,1
867,1
870,3
871,2
874,1
876,2
877,1
880,1
882,1
886,1
888,2
890,1
893,1
902,1
904,1
909,2
911,1
912,1
919,1
932,1
934,1
938,1
940,1
941,1
942,1
946,1
948,2
949,1
950,1
952,1
953,1
956,9
960,2
963,1
965,1
968,1
969,1
970,1
973,3
975,1
977,4
978,1
981,2
982,4
985,1
986,1
988,2
989,1
991,1
993,1
994,1
999,1
1002,1
1003,1
1004,1
1009,2
1010,1
1012,3
1020,1
1024,1
1025,1
1029,1
1031,1
1034,1
1035,1
1036,1
1037,1
1039,1
1040,1
1043,1
1045,3
1046,1
1051,2
1052,1
1053,1
1056,1
1059,2
1061,1
1063,1
1070,1
1072,1
1075,1
1076,1
1082,2
1085,1
1090,1
1097,1
1098,1
1099,2
1100,1
1102,1
1103,2
1104,2
1108,1
1109,1
1112,1
1113,2
1114,1
1118,1
1121,2
1122,1
1124,1
1126,2
1130,1
1131,1
1132,2
1133,1
1135,1
1138,4
1139,2
1140,1
1141,1
1142,1
1147,2
1154,2
1155,1
1157,2
1158,2
1159,1
1162,1
1163,2
1164,1
1166,1
1168,1
1171,2
1172,1
1176,1
1177,2
1178,1
1179,1
1181,1
1184,1
1193,3
1197,1
1198,1
1199,1
1200,2
1201,1
1206,1
1207,1
1211,2
1213,1
1217,1
1220,1
1222,1
1223,1
1224,1
1226,1
1227,1
1228,2
1231,1
1232,4
1234,4
1236,1
1238,1
1240,2
1246,1
1248,1
1249,3
1250,1
1251,3
1254,1
1258,2
1260,2
1261,1
1264,1
1266,1
1277,1
1279,1
1282,1
1288,2
1289,1
1290,1
1291,1
1293,1
1295,1
1296,1
1301,1
1302,2
1303,1
1304,3
1305,2
1306,1
1310,2
1311,1
1314,1
1318,2
1319,1
1327,1
1328,3
1329,2
1330,1
1332,1
1336,3
1337,1
1338,3
1339,2
1340,1
1341,1
1343,1
1344,1
1345,4
1346,1
1347,1
1348,1
1350,1
1351,1
1353,1
1354,2
1356,1
1360,1
1365,1
1366,2
1368,2
1370,1
1371,2
1372,1
1373,1
1374,3
1377,1
1378,2
1379,1
1380,1
1381,1
1384,1
1385,1
1387,1
1389,1
1392,5
1393,4
1394,1
1395,1
1396,1
1397,2
1401,5
1403,2
1404,1
1405,1
1406,2
1407,1
1411,2
1414,1
1416,2
1418,1
1419,1
1421,1
1425,1
1427,2
1429,1
1431,2
1435,1
1438,1
1440,1
1443,1
1444,1
1446,2
1449,1
1450,1
1453,1
1455,1
1456,1
1458,1
1459,1
1460,1
1461,2
1466,1
1468,1
1470,1
1472,1
1474,3
1475,1
1476,1
1477,2
1478,1
1482,1
1483,1
1484,3
1485,2
1486,1
1487,1
1488,2
1491,1
1493,1
1495,2
1496,2
1499,1
1502,1
1504,1
1505,1
1508,2
1509,1
1510,1
1511,1
1512,2
1514,1
1515,2
1516,1
1518,1
1519,1
1520,2
1523,1
1525,4
1527,1
1530,1
1532,1
1533,1
1534,1
1536,1
1537,1
1541,1
1542,3
1543,2
1544,1
1545,2
1549,2
1550,1
1553,2
1554,6
1555,2
1558,1
1559,1
1560,1
1561,3
1562,2
1563,3
1565,2
1567,1
1571,1
1572,2
1573,1
1575,4
1576,1
1577,1
1578,1
1581,2
1582,1
1586,1
1587,2
1588,1
1589,2
1590,1
1591,1
1592,2
1596,1
1597,1
1598,1
1603,4
1604,2
1607,1
1612,3
1613,2
1614,1
1619,1
1620,1
1623,1
1625,1
1626,2
1627,1
1629,1
1632,3
1636,3
1637,4
1638,3
1639,1
1640,3
1642,1
1643,1
1644,1
1645,2
1646,1
1647,2
1649,1
1652,2
1653,2
1656,2
1657,1
1660,1
1663,1
1664,3
1666,1
1670,1
1671,2
1673,1
1675,1
1676,2
1677,3
1678,1
1680,2
1681,1
1682,1
1684,1
1685,2
1686,2
1687,2
1688,2
1689,4
1691,1
1694,2
1695,1
1702,1
1703,3
1704,1
1705,2
1706,1
1707,1
1708,1
1709,2
1710,3
1711,1
1712,3
1713,2
1714,1
1715,6
1717,1
1720,4
1721,2
1725,2
1727,3
1728,1
1732,1
1733,3
1734,2
1735,1
1736,2
1739,1
1741,3
1742,3
1744,1
1745,1
1747,1
1751,1
1752,1
1753,1
1754,4
1757,1
1759,1
1760,1
1762,1
1764,1
1765,2
1767,5
1768,5
1769,3
1770,1
1771,2
1775,1
1776,1
1779,2
1780,1
1781,4
1783,2
1784,1
1786,1
1787,2
1788,3
1790,1
1792,3
1794,1
1795,1
1796,1
1797,1
1799,1
1800,1
1801,7
1802,2
1803,3
1807,1
1808,3
1809,1
1810,2
1811,2
1812,2
1813,5
1814,1
1815,1
1816,3
1817,2
1818,2
1819,3
1820,4
1821,1
1824,1
1826,2
1827,2
1829,1
1830,3
1831,2
1832,1
1833,1
1834,1
1840,1
1841,1
1842,3
1844,1
1849,3
1852,1
1855,1
1856,1
1857,1
1858,3
1860,1
1864,1
1865,1
1867,1
1869,3
1870,1
1871,1
1872,2
1873,1
1874,2
1875,3
1877,2
1878,2
1879,3
1881,2
1882,1
1883,2
1887,2
1888,4
1889,4
1892,3
1900,1
1901,1
1902,1
1903,1
1904,2
1905,1
1910,1
1912,1
1913,1
1915,2
1919,3
1920,1
1923,1
1924,1
1925,1
1926,1
1927,1
1928,1
1929,2
1931,2
1932,4
1933,1
1936,2
1937,1
1938,2
1940,2
1942,1
1944,3
1946,2
1948,1
1949,2
1952,2
1953,1
1954,1
1955,1
1957,2
1958,1
1959,1
1960,1
1961,3
1962,1
1963,1
1964,1
1966,2
1967,1
1968,1
1970,2
1973,2
1974,1
1975,1
1977,1
1978,1
1980,1
1981,2
1985,1
1986,1
1988,1
1990,2
1991,2
1994,1
1995,1
1997,1
1999,2
2001,1
2002,2
2003,2
2004,2
2006,1
2008,1
2009,1
2011,1
2012,1
2014,1
2015,1
2016,1
2018,2
2019,1
2025,4
2026,1
2028,1
2029,1
2030,1
2031,1
2032,2
2034,1
2036,1
2037,1
2038,3
2039,3
2044,1
2046,1
2048,4
2050,1
2051,1
2052,1
2054,2
2055,1
2057,4
2058,3
2059,2
2060,2
2062,2
2063,3
2064,1
2065,1
2066,2
2068,2
2069,1
2070,1
2071,1
2072,2
2074,3
2077,1
2078,2
2079,2
2081,3
2082,1
2084,2
2085,1
2086,1
2087,1
2089,1
2092,2
2094,2
2096,3
2097,4
2098,2
2099,1
2100,1
2101,1
2103,2
2105,1
2110,1
2111,1
2113,1
2114,2
2118,2
2120,2
2121,1
2122,1
2125,1
2127,1
2128,2
2129,1
2131,2
2132,1
2134,1
2135,2
2136,1
2137,1
2143,2
2144,1
2151,1
2152,1
2153,2
2155,1
2156,1
2158,1
2159,2
2160,2
2162,1
2163,1
2166,2
2167,2
2169,2
2170,1
2171,1
2172,1
2181,2
2184,1
2185,1
2186,1
2188,2
2189,1
2190,2
2191,1
2194,1
2195,1
2197,1
2202,2
2203,1
2204,1
2205,1
2206,2
2210,1
2211,1
2214,2
2216,2
2218,2
2219,3
2222,2
2226,1
2227,1
2228,2
2229,1
2231,1
2233,1
2234,1
2236,1
2239,2
2243,2
2245,2
2246,2
2248,2
2254,2
2257,1
2258,1
2260,2
2261,2
2265,3
2266,1
2267,1
2268,1
2270,1
2272,1
2274,1
2276,2
2278,1
2279,1
2280,1
2282,3
2284,1
2290,1
2293,1
2294,1
2296,1
2297,1
2299,1
2300,1
2301,1
2303,1
2304,1
2305,1
2309,2
2310,1
2311,1
2313,1
2316,1
2319,3
2320,1
2322,2
2324,1
2325,2
2326,1
2329,1
2331,1
2332,2
2333,1
2338,1
2339,1
2341,4
2342,1
2344,1
2346,1
2350,1
2352,1
2353,2
2354,1
2358,1
2360,3
2362,1
2364,9
2367,2
2368,1
2369,1
2371,1
2372,1
2374,1
2375,1
2377,1
2380,1
2381,2
2383,1
2387,1
2389,1
2390,2
2391,1
2392,1
2393,2
2398,1
2401,2
2404,1
2406,1
2412,2
2413,2
2414,1
2416,2
2418,1
2421,1
2422,1
2423,2
2437,3
2440,1
2441,3
2442,8
2443,3
2445,1
2446,1
2448,1
2449,2
2450,2
2454,1
2463,2
2465,3
2469,1
2477,2
2484,1
2485,2
2486,3
2488,1
2489,1
2492,1
2493,1
2494,1
2496,2
2497,1
2498,1
2499,2
2500,1
2501,2
2502,2
2503,1
2508,1
2511,3
2519,1
2520,3
2521,1
2527,2
2528,1
2529,3
2530,1
2535,1
2538,1
2539,1
2540,1
2544,1
2545,1
2548,1
2550,1
2551,1
2552,1
2554,2
2555,1
2558,1
2559,1
2560,2
2562,2
2563,3
2565,2
2566,2
2568,2
2573,1
2576,1
2577,2
2578,2
2579,1
2580,2
2582,2
2583,1
2584,2
2587,1
2588,1
2594,1
2595,1
2599,1
2603,2
2604,1
2605,1
2606,1
2607,1
2609,1
2611,1
2614,1
2620,3
2624,1
2627,1
2636,2
2637,1
2641,1
2645,1
2648,1
2651,1
2652,1
2653,1
2654,2
2655,1
2656,2
2657,3
2660,1
2662,1
2663,1
2664,1
2666,1
2668,2
2670,1
2671,1
2672,3
2674,2
2679,1
2680,1
2685,2
2686,1
2690,1
2693,2
2694,2
2695,1
2698,1
2699,1
2700,1
2704,1
2705,1
2707,2
2708,1
2709,1
2711,2
2712,1
2713,1
2714,1
2715,1
2716,2
2717,1
2718,1
2719,1
2723,1
2724,1
2725,1
2726,1
2727,1
2728,1
2730,1
2736,1
2738,1
2740,1
2747,1
2749,1
2753,1
2754,1
2755,1
2756,1
2757,2
2759,1
2769,1
2771,1
2772,1
2775,1
2776,1
2778,2
2784,1
2785,2
2786,1
2792,1
2794,1
2796,2
2797,1
2799,1
2801,1
2803,1
2804,1
2808,1
2810,2
2811,1
2812,1
2813,1
2816,2
2817,1
2819,1
2822,2
2824,1
2825,1
2828,2
2834,1
2836,1
2843,1
2845,2
2849,1
2852,1
2854,1
2855,4
2858,1
2859,2
2862,1
2863,1
2864,1
2866,2
2868,1
2869,1
2870,1
2872,1
2874,1
2879,1
2887,1
2889,1
2892,1
2903,2
2904,1
2906,1
2908,1
2920,5
2921,1
2923,1
2926,1
2928,2
2931,1
2936,1
2939,1
2942,2
2943,1
2947,2
2950,1
2952,1
2954,1
2959,1
2965,2
2970,1
2971,1
2972,1
2976,1
2983,1
2985,1
2990,1
2991,1
2993,1
2995,1
2998,1
3005,2
3006,1
3007,1
3009,1
3010,1
3015,1
3017,1
3019,1
3020,2
3022,1
3024,2
3026,1
3027,2
3044,1
3046,2
3050,1
3051,1
3055,2
3056,1
3057,2
3059,2
3060,1
3062,3
3064,1
3065,1
3071,1
3072,1
3085,1
3087,2
3090,1
3091,1
3094,1
3101,1
3102,1
3104,1
3107,1
3116,1
3117,1
3120,1
3124,1
3129,2
3130,1
3142,1
3144,1
3145,2
3146,1
3150,1
3151,1
3153,1
3154,1
3156,1
3157,2
3159,1
3160,1
3165,1
3166,1
3170,2
3171,1
3172,1
3173,1
3174,2
3176,1
3177,1
3179,2
3188,3
3192,1
3194,1
3196,1
3202,1
3204,1
3206,1
3212,2
3219,1
3220,1
3222,1
3223,1
3227,1
3233,1
3250,1
3255,1
3265,1
3269,1
3272,1
3274,2
3275,1
3276,1
3278,1
3281,1
3283,1
3286,2
3290,1
3291,1
3293,1
3296,1
3298,1
3299,1
3300,1
3301,1
3302,1
3303,1
3305,1
3314,1
3316,1
3318,1
3319,1
3324,1
3325,2
3326,1
3329,1
3334,1
3339,1
3341,2
3342,1
3343,2
3347,1
3351,1
3353,1
3364,4
3367,1
3372,2
3373,2
3374,2
3377,1
3378,1
3379,2
3380,2
3386,1
3388,2
3396,2
3398,1
3418,2
3423,1
3425,1
3438,1
3444,1
3445,3
3446,1
3448,1
3451,1
3456,6
3463,1
3465,1
3466,1
3476,1
3479,1
3483,1
3485,1
3490,1
3491,2
3494,1
3495,1
3506,1
3507,3
3523,1
3525,1
3528,1
3531,1
3537,1
3549,1
3551,1
3552,1
3553,1
3554,2
3556,1
3570,1
3571,1
3583,1
3585,1
3587,1
3595,1
3597,2
3604,1
3606,1
3607,1
3616,2
3621,1
3622,1
3636,1
3638,1
3641,2
3642,1
3643,1
3646,1
3650,1
3652,2
3660,1
3665,1
3675,1
3683,2
3688,1
3695,1
3697,1
3700,1
3702,1
3717,1
3725,1
3729,2
3732,1
3733,1
3736,1
3739,1
3752,2
3758,2
3760,1
3762,1
3764,2
3765,1
3772,2
3773,1
3782,2
3784,1
3796,1
3805,1
3819,1
3822,1
3824,1
3826,1
3827,1
3832,1
3835,1
3837,3
3839,1
3844,1
3857,3
3861,1
3869,1
3875,1
3879,4
3882,1
3884,1
3886,1
3887,3
3889,9
3890,2
3891,1
3894,2
3897,8
3898,3
3899,1
3901,9
3903,3
3908,5
3909,10
3910,16
3911,3
3912,1
3915,2
3918,1
3925,1
3928,1
3931,1
3935,1
3939,1
3942,1
3951,2
3952,1
3953,1
3955,1
3958,1
3962,2
3963,1
3964,2
3967,1
3969,1
3976,1
3977,1
3978,1
3983,1
3985,1
3986,1
3998,2
3999,2
4000,1
4001,1
4012,1
4018,2
4019,2
4025,1
4026,2
4031,2
4032,1
4034,1
4038,1
4043,1
4049,1
4054,1
4055,1
4061,2
4069,1
4073,1
4080,1
4082,1
4084,1
4086,2
4089,1
4095,1
4098,1
4102,1
4106,1
4110,1
4112,1
4113,1
4122,2
4125,1
4128,6
4132,1
4136,1
4139,1
4143,1
4146,1
4154,1
4156,1
4164,1
4165,1
4166,1
4171,1
4174,1
4178,1
4180,1
4181,1
4195,1
4198,2
4199,1
4200,1
4202,1
4203,1
4208,1
4211,1
4213,1
4214,1
4218,1
4231,1
4235,1
4238,1
4245,1
4248,1
4254,1
4258,1
4262,1
4263,1
4268,1
4286,1
4289,2
4292,1
4295,1
4302,1
4308,1
4312,1
4317,1
4323,1
4324,1
4325,1
4326,2
4327,1
4328,1
4330,1
4333,1
4338,1
4341,1
4343,1
4354,1
4360,1
4364,1
4376,1
4383,1
4387,1
4390,2
4400,1
4401,1
4406,1
4407,1
4409,1
4411,1
4412,1
4418,1
4427,1
4433,1
4436,2
4441,1
4446,1
4447,2
4448,1
4457,1
4458,1
4473,1
4474,1
4475,1
4486,1
4496,1
4504,1
4508,1
4512,1
4513,1
4516,1
4520,1
4524,1
4525,1
4527,1
4543,1
4559,1
4562,1
4565,1
4566,2
4573,1
4575,1
4577,1
4578,2
4579,1
4582,1
4583,1
4584,2
4587,2
4588,1
4592,1
4599,1
4604,1
4607,1
4614,1
4622,1
4628,1
4632,2
4638,1
4644,1
4646,1
4654,1
4655,1
4656,1
4657,1
4667,1
4671,1
4688,1
4690,1
4694,1
4696,1
4699,1
4718,1
4725,1
4726,1
4729,1
4733,1
4741,1
4744,2
4746,1
4751,1
4752,1
4755,1
4756,1
4757,1
4760,1
4761,1
4762,1
4763,1
4764,1
4765,2
4766,1
4768,1
4769,1
4771,2
4773,1
4774,2
4780,1
4781,1
4784,1
4785,1
4787,1
4789,1
4790,2
4792,2
4795,1
4798,1
4801,1
4803,2
4809,1
4810,1
4811,1
4813,1
4814,3
4817,1
4820,1
4821,1
4824,1
4827,1
4834,1
4835,1
4836,1
4838,1
4839,1
4840,1
4844,1
4848,1
4849,1
4851,2
4852,1
4856,1
4862,1
4863,1
4871,1
4872,1
4873,1
4875,1
4876,1
4883,1
4886,1
4887,2
4892,1
4893,1
4909,1
4914,1
4915,1
4918,3
4921,2
4922,1
4929,1
4930,2
4939,1
4945,2
4952,1
4954,1
4958,1
4959,2
4960,1
4962,1
4963,1
4964,1
4965,2
4975,1
4976,1
4983,1
4998,1
5009,1
5012,1
5021,2
5022,1
5030,1
5032,3
5038,1
5039,1
5041,1
5043,1
5046,1
5050,1
5053,1
5054,1
5061,1
5069,2
5071,1
5073,1
5074,1
5077,1
5078,1
5080,1
5081,2
5082,1
5086,2
5088,1
5089,1
5098,1
5100,1
5102,2
5108,1
5111,1
5123,1
5126,1
5129,1
5132,1
5140,2
5141,1
5147,1
5152,1
5157,2
5158,1
5162,1
5165,1
5168,1
5174,1
5175,1
5182,1
5185,1
5187,1
5188,1
5190,3
5192,1
5193,1
5200,1
5201,2
5204,1
5213,1
5215,1
5220,1
5233,1
5236,1
5238,1
5246,2
5252,1
5257,2
5259,1
5264,1
5271,1
5272,1
5273,1
5275,1
5281,1
5282,2
5286,3
5291,2
5294,2
5313,1
5316,1
5327,1
5330,1
5333,1
5342,1
5353,1
5389,1
5393,1
5394,1
5399,2
5404,1
5410,2
5414,1
5417,1
5418,2
5423,1
5428,1
5435,1
5439,1
5458,1
5464,1
5465,1
5473,1
5474,1
5477,1
5489,2
5491,1
5493,1
5496,2
5499,1
5501,2
5502,2
5503,1
5504,1
5505,1
5507,1
5508,2
5512,1
5520,1
5528,1
5532,1
5535,2
5537,2
5543,1
5551,1
5563,1
5567,1
5570,1
5573,1
5581,1
5598,3
5605,1
5606,1
5611,1
5612,1
5622,1
5630,1
5631,1
5633,1
5636,1
5639,1
5645,1
5647,1
5649,1
5651,1
5655,1
5662,1
5669,1
5696,1
5700,1
5702,2
5707,1
5712,1
5713,1
5716,1
5720,2
5728,1
5734,1
5739,1
5752,1
5768,1
5773,1
5775,1
5789,1
5790,1
5796,1
5803,1
5822,1
5824,1
5825,2
5826,1
5827,1
5828,2
5829,2
5833,1
5836,1
5837,2
5839,1
5841,1
5842,1
5844,1
5855,1
5862,1
5865,2
5875,1
5878,1
5884,1
5885,1
5888,1
5894,1
5896,2
5912,1
5914,1
5919,2
5924,1
5932,1
5937,1
5938,1
5945,1
5946,1
5967,2
5969,2
5974,1
5976,1
5981,1
5991,1
5992,1
6002,1
6004,1
6005,2
6010,1
6013,1
6025,1
6028,1
6060,1
6066,3
6069,1
6073,2
6077,1
6085,1
6086,1
6091,1
6092,1
6093,2
6095,1
6101,1
6112,1
6136,1
6156,1
6158,2
6161,1
6164,1
6176,1
6182,1
6183,1
6192,1
6198,1
6226,1
6240,1
6255,1
6260,1
6265,1
6270,1
6272,1
6281,1
6297,1
6307,1
6308,1
6314,2
6317,1
6323,1
6328,1
6334,2
6341,1
6344,1
6348,1
6351,1
6363,1
6367,1
6378,1
6387,1
6401,1
6410,1
6413,1
6420,1
6422,1
6425,1
6428,1
6433,1
6442,1
6449,1
6466,1
6470,1
6481,1
6493,1
6498,1
6501,1
6503,1
6513,1
6516,1
6540,1
6559,1
6561,1
6563,1
6565,1
6584,1
6594,1
6619,1
6624,1
6627,1
6637,1
6644,1
6645,1
6650,1
6653,4
6658,1
6671,1
6674,1
6677,1
6680,1
6702,1
6705,1
6720,2
6732,1
6759,1
6760,2
6802,1
6819,1
6825,1
6841,1
6862,1
6873,1
6876,1
6884,1
6894,1
6897,1
6904,1
6906,1
6924,1
6932,1
6944,1
6967,1
6970,1
6982,2
6992,1
6995,1
7004,1
7020,1
7023,1
7026,1
7043,1
7047,1
7051,1
7078,1
7081,1
7083,1
7085,1
7086,1
7089,1
7090,1
7119,1
7135,1
7139,1
7142,1
7146,1
7162,1
7206,1
7231,1
NA,17
